dataset/image/snapshot_1571887242.jpg
196, 558, 66, 69, 0, 0
685, 554, 78, 67, 1, 0

dataset/image/snapshot_1571884207.jpg
145, 637, 93, 93, 0, 0

dataset/image/snapshot_1571884792.jpg
332, 582, 71, 62, 2, 0
616, 583, 73, 60, 3, 0

dataset/image/snapshot_1571884983.jpg
409, 569, 40, 50, 0, 0
700, 572, 52, 40, 4, 0

dataset/image/snapshot_1571885516.jpg
172, 524, 69, 73, 0, 0
625, 522, 95, 75, 1, 0

dataset/image/snapshot_1571885854.jpg
294, 587, 56, 46, 4, 0
748, 583, 51, 54, 0, 0

dataset/image/snapshot_1571886020.jpg
405, 582, 46, 34, 4, 0
683, 577, 38, 43, 0, 0

dataset/image/snapshot_1571886578.jpg
254, 526, 71, 60, 4, 0
255, 643, 68, 70, 0, 0

dataset/image/snapshot_1571886595.jpg
316, 651, 44, 45, 0, 0
827, 653, 46, 42, 4, 0

dataset/image/snapshot_1571886775.jpg
231, 536, 56, 46, 1, 0
852, 536, 43, 49, 0, 0

dataset/image/snapshot_1571886805.jpg
297, 573, 62, 48, 4, 0
756, 567, 49, 58, 0, 0

dataset/image/snapshot_1571887035.jpg
373, 543, 56, 47, 1, 0
733, 542, 42, 50, 2, 0

dataset/image/snapshot_1571887143.jpg
468, 318, 51, 60, 2, 0
657, 320, 72, 56, 1, 0

dataset/image/snapshot_1571887242.jpg
197, 556, 66, 71, 0, 0
684, 555, 80, 65, 1, 0

dataset/image/snapshot_1572330104.jpg
802, 526, 33, 35, 2, 0

dataset/image/snapshot_1572422586.jpg
155, 463, 103, 95, 4, 0
170, 626, 86, 92, 0, 0

dataset/image/snapshot_1572422914.jpg
242, 593, 66, 62, 4, 0
762, 592, 61, 62, 0, 0

dataset/image/snapshot_1572424314.jpg
100, 1040, 40, 50, 2, 0
417, 1040, 60, 50, 1, 0

dataset/image/snapshot_1572424919.jpg
262, 563, 69, 54, 1, 0
819, 564, 46, 50, 2, 0

dataset/image/snapshot_1572425358.jpg
348, 618, 53, 41, 4, 0
707, 618, 37, 43, 0, 0

dataset/image/snapshot_1572425560.jpg
327, 534, 65, 56, 5, 0
682, 535, 56, 63, 0, 0

dataset/image/snapshot_1572426148.jpg
323, 545, 58, 46, 1, 0
710, 542, 49, 51, 2, 0

dataset/image/snapshot_1572426537.jpg
184, 493, 84, 67, 1, 0
719, 485, 73, 78, 0, 0

dataset/image/snapshot_1572426810.jpg
463, 228, 69, 70, 0, 0
457, 422, 85, 70, 4, 0

dataset/image/snapshot_1572427350.jpg
427, 462, 44, 36, 1, 0
700, 463, 39, 37, 2, 0

dataset/image/snapshot_1572427571.jpg
542, 597, 55, 43, 5, 0
895, 594, 46, 49, 6, 0

dataset/image/snapshot_1572427772.jpg
246, 569, 59, 49, 1, 0
804, 566, 57, 54, 0, 0

dataset/image/snapshot_1572427975.jpg
335, 582, 62, 62, 2, 0
615, 582, 72, 60, 3, 0

dataset/image/snapshot_1572428454.jpg
218, 523, 71, 75, 0, 0
675, 522, 91, 75, 1, 0

dataset/image/snapshot_1572428609.jpg
341, 330, 56, 57, 0, 0
701, 334, 63, 52, 4, 0

dataset/image/snapshot_1572429260.jpg
426, 583, 54, 46, 4, 0
683, 583, 43, 48, 0, 0

dataset/image/snapshot_1572483102.jpg
344, 520, 52, 57, 0, 0
743, 521, 72, 57, 1, 0

dataset/image/snapshot_1572483504.jpg
262, 595, 62, 51, 1, 0
820, 594, 51, 54, 0, 0

dataset/image/snapshot_1572483700.jpg
406, 1063, 56, 50, 1, 0
95, 1063, 45, 50, 2, 0

dataset/image/snapshot_1572484437.jpg
342, 512, 48, 53, 2, 0
654, 511, 59, 51, 4, 0

dataset/image/snapshot_1572484867.jpg
264, 547, 47, 55, 0, 0
726, 551, 59, 45, 4, 0

dataset/image/snapshot_1572485141.jpg
338, 512, 54, 53, 2, 0
653, 513, 60, 49, 4, 0

dataset/image/snapshot_1572486003.jpg
219, 520, 68, 77, 0, 0
673, 522, 92, 76, 1, 0

dataset/image/snapshot_1572486285.jpg
381, 554, 49, 35, 2, 0
705, 553, 35, 35, 0, 0

dataset/image/snapshot_1572488378.jpg
426, 585, 50, 43, 4, 0
684, 584, 41, 43, 0, 0

dataset/image/snapshot_1572489017.jpg
687, 310, 63, 53, 4, 0
688, 410, 62, 80, 6, 0

dataset/image/snapshot_1572490894.jpg
311, 612, 61, 57, 4, 0
705, 610, 51, 61, 0, 0

dataset/image/snapshot_1572492362.jpg
313, 554, 57, 60, 0, 0
758, 552, 71, 62, 1, 0

dataset/image/snapshot_1572492569.jpg
125, 1050, 50, 43, 2, 0
410, 1050, 35, 43, 0, 0

dataset/image/snapshot_1572493157.jpg
181, 579, 40, 40, 2, 0
175, 715, 48, 40, 1, 0

dataset/image/snapshot_1572503782.jpg
324, 542, 68, 56, 1, 0
745, 535, 50, 64, 2, 0

dataset/image/snapshot_1572504803.jpg
337, 586, 59, 60, 2, 0
613, 581, 77, 63, 1, 0

dataset/image/snapshot_1572509515.jpg
170, 523, 69, 75, 0, 0
624, 523, 94, 76, 1, 0

dataset/image/snapshot_1572509715.jpg
381, 243, 78, 84, 2, 0
374, 411, 87, 73, 3, 0

dataset/image/snapshot_1572509875.jpg
328, 428, 70, 72, 0, 0
615, 434, 77, 64, 1, 0

dataset/image/snapshot_1572510101.jpg
310, 353, 85, 92, 0, 0
623, 353, 106, 98, 4, 0

dataset/image/snapshot_1572510944.jpg
324, 591, 56, 47, 4, 0
719, 589, 44, 50, 0, 0

dataset/image/snapshot_1572511526.jpg
244, 567, 62, 53, 2, 0
809, 562, 54, 60, 0, 0

dataset/image/snapshot_1572513078.jpg
494, 383, 76, 83, 2, 0
699, 385, 99, 81, 1, 0

dataset/image/snapshot_1572513592.jpg
490, 386, 81, 82, 2, 0
698, 384, 98, 80, 1, 0

dataset/image/snapshot_1572513807.jpg
375, 559, 45, 36, 1, 0
712, 557, 33, 38, 2, 0

dataset/image/snapshot_1572513904.jpg
397, 543, 38, 44, 0, 0
726, 544, 49, 40, 4, 0

dataset/image/snapshot_1572514004.jpg
347, 591, 52, 40, 1, 0
771, 590, 38, 44, 2, 0

dataset/image/snapshot_1572514110.jpg
328, 563, 68, 66, 2, 0
619, 566, 78, 63, 1, 0

dataset/image/snapshot_1572514220.jpg
337, 537, 45, 46, 0, 0
786, 538, 52, 43, 4, 0

dataset/image/snapshot_1572514640.jpg
336, 567, 42, 35, 4, 0
767, 565, 34, 40, 0, 0

dataset/image/snapshot_1572514741.jpg
100, 1110, 45, 50, 1, 0
430, 1115, 38, 45, 2, 0

dataset/image/snapshot_1572515563.jpg
72, 868, 63, 74, 0, 0
422, 868, 78, 74, 1, 0

dataset/image/snapshot_1572516066.jpg
377, 335, 43, 48, 2, 0
642, 335, 53, 45, 1, 0

dataset/image/snapshot_1572516520.jpg
379, 569, 63, 49, 1, 0
679, 566, 47, 53, 0, 0

dataset/image/snapshot_1572570343.jpg
376, 337, 49, 47, 2, 0
640, 335, 54, 50, 1, 0

dataset/image/snapshot_1572570547.jpg
429, 308, 132, 105, 4, 0
628, 299, 117, 127, 0, 0

dataset/image/snapshot_1572571179.jpg
380, 570, 58, 48, 4, 0
715, 574, 38, 43, 0, 0

dataset/image/snapshot_1572571325.jpg
332, 581, 67, 65, 2, 0
607, 577, 84, 69, 1, 0

dataset/image/snapshot_1572573415.jpg
400, 591, 62, 50, 1, 0
691, 586, 55, 59, 0, 0

dataset/image/snapshot_1572573918.jpg
429, 567, 46, 49, 0, 0
703, 567, 49, 41, 4, 0

dataset/image/snapshot_1572574215.jpg
129, 991, 52, 51, 4, 0
406, 992, 39, 47, 0, 0

dataset/image/snapshot_1572575051.jpg
376, 454, 61, 45, 4, 0
702, 453, 45, 52, 0, 0

dataset/image/snapshot_1572575388.jpg
212, 546, 51, 52, 2, 0
785, 544, 65, 48, 1, 0

dataset/image/snapshot_1572575496.jpg
265, 319, 69, 80, 0, 0
635, 324, 94, 73, 1, 0

dataset/image/snapshot_1572575973.jpg
368, 550, 53, 46, 4, 0
692, 550, 49, 45, 0, 0

dataset/image/snapshot_1572575682.jpg
382, 241, 77, 79, 2, 0
372, 404, 93, 69, 1, 0

dataset/image/snapshot_1572576816.jpg
273, 542, 36, 49, 2, 0
266, 636, 48, 59, 1, 0

dataset/image/snapshot_1572577524.jpg
298, 587, 81, 57, 1, 0
708, 581, 66, 67, 0, 0

dataset/image/baidu_1572571325.jpg
0, 0, 45, 47, 0, 1
69, 0, 48, 51, 6, 1
138, 0, 47, 50, 6, 1
209, 0, 52, 51, 6, 1
284, 0, 53, 49, 6, 1
356, 0, 55, 50, 6, 1
427, 0, 55, 52, 6, 1
281, 161, 68, 51, 1, 1
354, 158, 59, 55, 1, 1
429, 160, 61, 54, 1, 1
497, 158, 67, 57, 1, 1
587, 164, 43, 42, 1, 1

dataset/image/baidu_1572573415.jpg
226, 161, 171, 176, 6, 1

dataset/image/baidu_1572573416.jpg
29, 16, 59, 69, 0, 1
253, 10, 60, 60, 0, 1
410, 13, 68, 76, 0, 1
24, 116, 65, 74, 6, 1
253, 113, 62, 60, 6, 1
407, 116, 70, 75, 6, 1
25, 220, 63, 72, 6, 1
253, 213, 60, 62, 6, 1
411, 218, 64, 72, 6, 1
27, 322, 62, 70, 6, 1
256, 318, 54, 57, 6, 1
410, 322, 65, 73, 6, 1

dataset/image/baidu_1572573417.jpg
131, 97, 235, 255, 6, 1

dataset/image/baidu_1572573418.jpg
88, 68, 420, 460, 6, 1

dataset/image/baidu_1572573419.jpg
43, 210, 199, 217, 6, 1
102, 611, 202, 227, 6, 1

dataset/image/baidu_1572573420.jpg
230, 309, 544, 428, 1, 1

dataset/image/baidu_1572575682.jpg
25, 42, 320, 260, 4, 1
341, 50, 280, 247, 4, 1
45, 377, 234, 203, 1, 1
354, 374, 256, 207, 1, 1

dataset/image/baidu_1572575683.jpg
36, 102, 132, 117, 1, 1
107, 290, 68, 67, 1, 1
120, 399, 54, 47, 1, 1
140, 482, 35, 33, 1, 1
147, 545, 28, 26, 1, 1
150, 585, 32, 37, 1, 1
330, 106, 126, 113, 1, 1
394, 290, 72, 62, 1, 1
413, 399, 53, 48, 1, 1
432, 477, 36, 39, 1, 1
433, 540, 41, 39, 1, 1
442, 585, 31, 33, 1, 1

dataset/image/baidu_1572575685.jpg
65, 67, 55, 58, 2, 1
66, 255, 57, 57, 1, 1

dataset/image/baidu_1572575686.jpg
155, 93, 182, 146, 1, 1

dataset/image/baidu_1572575687.jpg
26, 198, 108, 103, 0, 1
189, 198, 125, 101, 4, 1

dataset/image/baidu_1572575688.jpg
415, 7, 127, 119, 1, 1
370, 322, 242, 219, 1, 1
373, 761, 239, 196, 1, 1

dataset/image/baidu_1572575689.jpg
74, 130, 100, 84, 1, 1
75, 390, 478, 417, 1, 1
585, 746, 105, 101, 1, 1

dataset/image/baidu_1572575690.jpg
361, 74, 95, 87, 1, 1

dataset/image/baidu_1572575691.jpg
75, 33, 225, 182, 4, 1
30, 186, 253, 225, 4, 1
296, 244, 138, 108, 4, 1
445, 235, 205, 163, 4, 1
369, 413, 274, 206, 1, 1
39, 426, 184, 150, 1, 1

dataset/image/baidu_1572575692.jpg
313, 288, 119, 137, 6, 1
0, 587, 186, 167, 1, 1
282, 857, 140, 125, 1, 1
